D:\tmp\cks-hall-scaled\148A8719.JPG
1160 1736

2 0 867.5 
0 2 579.5 
0 0 1 

0.977917 0.000233608 0.208995 
-0.000228449 1 -4.88228e-005 
-0.208995 -4.27075e-013 0.977917 

1033.37

D:\tmp\cks-hall-scaled\148A8720.JPG
1160 1736

2 0 867.5 
0 2 579.5 
0 0 1 

0.977534 0.0615443 0.201594 
0.00317234 0.952018 -0.306024 
-0.210755 0.299788 0.930435 

1032.54

D:\tmp\cks-hall-scaled\148A8721.JPG
1160 1736

2 0 867.5 
0 2 579.5 
0 0 1 

0.977486 0.058988 0.202585 
0.00563953 0.952479 -0.30455 
-0.210923 0.298837 0.930703 

1032.69

D:\tmp\cks-hall-scaled\148A8722.JPG
1160 1736

2 0 867.5 
0 2 579.5 
0 0 1 

0.97897 0.00326897 0.203977 
-0.000312392 0.999895 -0.0145251 
-0.204003 0.0141559 0.978868 

1034.1

D:\tmp\cks-hall-scaled\148A8723.JPG
1160 1736

2 0 867.5 
0 2 579.5 
0 0 1 

0.978922 0.00352999 0.204203 
-0.000560158 0.999893 -0.0145995 
-0.204232 0.0141774 0.97882 

1033.66

D:\tmp\cks-hall-scaled\148A8724.JPG
1160 1736

2 0 867.5 
0 2 579.5 
0 0 1 

0.979342 0.0552475 0.194518 
-0.00136685 0.963739 -0.266842 
-0.202207 0.261064 0.943906 

1041.92

D:\tmp\cks-hall-scaled\148A8725.JPG
1160 1736

2 0 867.5 
0 2 579.5 
0 0 1 

0.979563 0.0551596 0.193424 
-0.00123458 0.963292 -0.268454 
-0.201131 0.262729 0.943673 

1042.03

D:\tmp\cks-hall-scaled\148A8726.JPG
1160 1736

2 0 867.5 
0 2 579.5 
0 0 1 

0.979402 0.0932356 0.179105 
-0.00233034 0.892172 -0.45169 
-0.201906 0.441969 0.874012 

1044.54

D:\tmp\cks-hall-scaled\148A8727.JPG
1160 1736

2 0 867.5 
0 2 579.5 
0 0 1 

0.979439 0.0895377 0.180783 
0.00165331 0.892521 -0.451002 
-0.201735 0.442028 0.874022 

1044.43

D:\tmp\cks-hall-scaled\148A8728.JPG
1160 1736

2 0 867.5 
0 2 579.5 
0 0 1 

0.97919 0.135998 0.150638 
-0.00178829 0.748007 -0.663688 
-0.202939 0.649607 0.732684 

1046.18

D:\tmp\cks-hall-scaled\148A8729.JPG
1160 1736

2 0 867.5 
0 2 579.5 
0 0 1 

0.979107 0.135384 0.151724 
-0.000832189 0.748804 -0.662791 
-0.203343 0.648817 0.733272 

1045.01

D:\tmp\cks-hall-scaled\148A8730.JPG
1160 1736

2 0 867.5 
0 2 579.5 
0 0 1 

0.978837 0.171359 0.111868 
-0.00375682 0.561606 -0.827396 
-0.204607 0.809466 0.550365 

1048.98

D:\tmp\cks-hall-scaled\148A8731.JPG
1160 1736

2 0 867.5 
0 2 579.5 
0 0 1 

0.978666 0.168595 0.117423 
0.00273285 0.56079 -0.827953 
-0.205438 0.810611 0.548366 

1048.47

D:\tmp\cks-hall-scaled\148A8732.JPG
1160 1736

2 0 867.5 
0 2 579.5 
0 0 1 

0.978798 0.188539 0.0800511 
-0.00163406 0.397994 -0.917386 
-0.204823 0.897805 0.389863 

1049.63

D:\tmp\cks-hall-scaled\148A8733.JPG
1160 1736

2 0 867.5 
0 2 579.5 
0 0 1 

0.978851 0.186718 0.0835935 
0.00262507 0.39712 -0.917763 
-0.204559 0.898572 0.388231 

1048.77

D:\tmp\cks-hall-scaled\148A8718.JPG
1160 1736

2 0 867.5 
0 2 579.5 
0 0 1 

0.977899 0.00181256 0.209071 
-0.00203505 0.999998 0.000849131 
-0.209069 -0.00125583 0.9779 

1033.25

