D:\tmp\cks-hall-scaled\148A8736.JPG
1160 1736

2 0 867.5 
0 2 579.5 
0 0 1 

0.99513 0.00295385 0.0985281 
-0.00293948 0.999996 -0.000291158 
-0.0985286 2.95535e-007 0.995134 

1294.18

D:\tmp\cks-hall-scaled\148A8737.JPG
1160 1736

2 0 867.5 
0 2 579.5 
0 0 1 

0.995116 0.015491 0.0974888 
0.00395065 0.980568 -0.196139 
-0.0986329 0.195566 0.975718 

1296.45

D:\tmp\cks-hall-scaled\148A8738.JPG
1160 1736

2 0 867.5 
0 2 579.5 
0 0 1 

0.995133 0.0164159 0.0971599 
0.00287348 0.980771 -0.19514 
-0.098495 0.194469 0.975951 

1296.52

D:\tmp\cks-hall-scaled\148A8739.JPG
1160 1736

2 0 867.5 
0 2 579.5 
0 0 1 

0.995348 0.0361657 0.0892995 
0.0049779 0.90633 -0.422542 
-0.0962163 0.421021 0.901933 

1297.59

D:\tmp\cks-hall-scaled\148A8740.JPG
1160 1736

2 0 867.5 
0 2 579.5 
0 0 1 

0.995372 0.0373957 0.0885235 
0.00361238 0.905967 -0.423334 
-0.0960302 0.421694 0.901639 

1297.62

D:\tmp\cks-hall-scaled\148A8741.JPG
1160 1736

2 0 867.5 
0 2 579.5 
0 0 1 

0.995327 0.0655772 0.0708754 
-0.00191786 0.74729 -0.664495 
-0.0965403 0.661254 0.743924 

1301.14

D:\tmp\cks-hall-scaled\148A8742.JPG
1160 1736

2 0 867.5 
0 2 579.5 
0 0 1 

0.99539 0.0660145 0.0695815 
-0.00313448 0.747458 -0.664301 
-0.0958628 0.661021 0.744219 

1301.18

D:\tmp\cks-hall-scaled\148A8744.JPG
1160 1736

2 0 867.5 
0 2 579.5 
0 0 1 

0.995221 0.0809129 0.0546564 
-0.00350541 0.589002 -0.808124 
-0.0975804 0.804071 0.586471 

1302.41

D:\tmp\cks-hall-scaled\148A8745.JPG
1160 1736

2 0 867.5 
0 2 579.5 
0 0 1 

0.995288 0.0807718 0.0536395 
-0.00444334 0.590626 -0.806934 
-0.0968583 0.802893 0.588202 

1302.27

D:\tmp\cks-hall-scaled\148A8746.JPG
1160 1736

2 0 867.5 
0 2 579.5 
0 0 1 

0.995092 0.0897967 0.0415765 
-0.000549783 0.425167 -0.905115 
-0.0989532 0.90065 0.423129 

1305.58

D:\tmp\cks-hall-scaled\148A8747.JPG
1160 1736

2 0 867.5 
0 2 579.5 
0 0 1 

0.995124 0.0898796 0.0406283 
-0.00133907 0.424176 -0.905579 
-0.0986266 0.901109 0.422227 

1305.71

D:\tmp\cks-hall-scaled\148A8748.JPG
1160 1736

2 0 867.5 
0 2 579.5 
0 0 1 

0.995143 0.0953875 0.0243315 
0.00183905 0.229109 -0.973399 
-0.0984246 0.968716 0.227821 

1307.28

D:\tmp\cks-hall-scaled\148A8749.JPG
1160 1736

2 0 867.5 
0 2 579.5 
0 0 1 

0.995154 0.0944645 0.0272903 
0.00485804 0.229971 -0.973186 
-0.0982074 0.968602 0.228398 

1307.52

D:\tmp\cks-hall-scaled\148A8735.JPG
1160 1736

2 0 867.5 
0 2 579.5 
0 0 1 

0.995068 0.003791 0.0991208 
-0.00380869 0.999993 -1.11456e-005 
-0.0991202 -0.000366256 0.995075 

1294.28

