D:\tmp\vfx-project2\148A8719.JPG
3472 2320

4 0 1159.5 
0 4 1735.5 
0 0 1 

-0.000529333 1 -0.000112073 
-0.978315 -0.00054108 -0.207123 
-0.207123 -2.46417e-011 0.978315 

992.956

D:\tmp\vfx-project2\148A8720.JPG
3472 2320

4 0 1159.5 
0 4 1735.5 
0 0 1 

0.00261701 0.948533 -0.316667 
-0.978018 -0.0635987 -0.198584 
-0.208503 0.310226 0.927516 

993.735

D:\tmp\vfx-project2\148A8721.JPG
3472 2320

4 0 1159.5 
0 4 1735.5 
0 0 1 

0.00498265 0.949011 -0.315202 
-0.977977 -0.0611445 -0.199554 
-0.208652 0.309255 0.927807 

993.898

D:\tmp\vfx-project2\148A8722.JPG
3472 2320

4 0 1159.5 
0 4 1735.5 
0 0 1 

-0.00030406 0.999882 -0.0153323 
-0.979413 -0.00339286 -0.201839 
-0.201867 0.0149553 0.979299 

994.231

D:\tmp\vfx-project2\148A8723.JPG
3472 2320

4 0 1159.5 
0 4 1735.5 
0 0 1 

-0.00054772 0.999881 -0.0154171 
-0.979362 -0.00365237 -0.202082 
-0.202114 0.0149882 0.979247 

993.816

D:\tmp\vfx-project2\148A8724.JPG
3472 2320

4 0 1159.5 
0 4 1735.5 
0 0 1 

-0.00119493 0.961116 -0.276143 
-0.979862 -0.056263 -0.191583 
-0.19967 0.270354 0.941828 

1002.5

D:\tmp\vfx-project2\148A8725.JPG
3472 2320

4 0 1159.5 
0 4 1735.5 
0 0 1 

-0.000992278 0.960617 -0.277873 
-0.980095 -0.0560996 -0.190439 
-0.198527 0.272153 0.941552 

1002.89

D:\tmp\vfx-project2\148A8726.JPG
3472 2320

4 0 1159.5 
0 4 1735.5 
0 0 1 

-0.00215725 0.884705 -0.466146 
-0.979938 -0.0947681 -0.175327 
-0.199288 0.456416 0.867161 

1005.22

D:\tmp\vfx-project2\148A8727.JPG
3472 2320

4 0 1159.5 
0 4 1735.5 
0 0 1 

0.0019176 0.885056 -0.465481 
-0.979968 -0.0910359 -0.177131 
-0.199146 0.456496 0.867152 

1005.11

D:\tmp\vfx-project2\148A8728.JPG
3472 2320

4 0 1159.5 
0 4 1735.5 
0 0 1 

-0.000702153 0.731282 -0.682075 
-0.97976 -0.137037 -0.145915 
-0.200175 0.668167 0.716577 

1006.48

D:\tmp\vfx-project2\148A8729.JPG
3472 2320

4 0 1159.5 
0 4 1735.5 
0 0 1 

0.000327375 0.732131 -0.681164 
-0.979672 -0.136412 -0.147089 
-0.200607 0.667365 0.717203 

1005.53

D:\tmp\vfx-project2\148A8730.JPG
3472 2320

4 0 1159.5 
0 4 1735.5 
0 0 1 

-0.00412377 0.533997 -0.845477 
-0.979459 -0.17261 -0.104242 
-0.201602 0.827679 0.52374 

1010.54

D:\tmp\vfx-project2\148A8731.JPG
3472 2320

4 0 1159.5 
0 4 1735.5 
0 0 1 

0.00234262 0.533081 -0.846061 
-0.979286 -0.17008 -0.109874 
-0.20247 0.828793 0.52164 

1009.98

D:\tmp\vfx-project2\148A8732.JPG
3472 2320

4 0 1159.5 
0 4 1735.5 
0 0 1 

-0.00211636 0.361746 -0.932275 
-0.979353 -0.189207 -0.0711939 
-0.202147 0.912875 0.354677 

1010.56

D:\tmp\vfx-project2\148A8733.JPG
3472 2320

4 0 1159.5 
0 4 1735.5 
0 0 1 

0.0022129 0.360768 -0.932653 
-0.979404 -0.187522 -0.0748609 
-0.2019 0.913609 0.352923 

1009.82

D:\tmp\vfx-project2\148A8718.JPG
3472 2320

4 0 1159.5 
0 4 1735.5 
0 0 1 

-0.00232294 0.999997 0.000794177 
-0.978298 -0.002108 -0.207192 
-0.207189 -0.00125824 0.9783 

992.773

