D:\tmp\cks-hall-scaled\148A8708.JPG
1160 1736

2 0 867.5 
0 2 579.5 
0 0 1 

0.996151 -0.0011939 0.0876425 
0.00118929 0.999999 0.000104643 
-0.0876426 -3.29968e-008 0.996152 

977.643

D:\tmp\cks-hall-scaled\148A8709.JPG
1160 1736

2 0 867.5 
0 2 579.5 
0 0 1 

0.996196 -0.00123863 0.0871269 
0.00111034 0.999998 0.00152085 
-0.0871286 -0.00141833 0.996196 

978.046

D:\tmp\cks-hall-scaled\148A8710.JPG
1160 1736

2 0 867.5 
0 2 579.5 
0 0 1 

0.996882 0.0172421 0.0769968 
-8.69334e-005 0.976072 -0.217449 
-0.0789037 0.216764 0.97303 

981.666

D:\tmp\cks-hall-scaled\148A8711.JPG
1160 1736

2 0 867.5 
0 2 579.5 
0 0 1 

0.996895 0.0161744 0.0770591 
0.00091224 0.976236 -0.21671 
-0.078733 0.216108 0.97319 

982.177

D:\tmp\cks-hall-scaled\148A8712.JPG
1160 1736

2 0 867.5 
0 2 579.5 
0 0 1 

0.997712 0.0295721 0.060791 
0.00187139 0.88682 -0.462111 
-0.0675763 0.461168 0.884736 

986.517

D:\tmp\cks-hall-scaled\148A8713.JPG
1160 1736

2 0 867.5 
0 2 579.5 
0 0 1 

0.997709 0.0312206 0.0600105 
-1.50477e-006 0.887136 -0.461509 
-0.0676461 0.460452 0.885104 

986.379

D:\tmp\cks-hall-scaled\148A8714.JPG
1160 1736

2 0 867.5 
0 2 579.5 
0 0 1 

0.998074 0.040248 0.0472035 
0.00128525 0.747363 -0.664415 
-0.0620196 0.663196 0.745872 

991.862

D:\tmp\cks-hall-scaled\148A8715.JPG
1160 1736

2 0 867.5 
0 2 579.5 
0 0 1 

0.997966 0.0422241 0.0477654 
3.94225e-005 0.748821 -0.662773 
-0.0637527 0.661426 0.747296 

991.508

D:\tmp\cks-hall-scaled\148A8716.JPG
1160 1736

2 0 867.5 
0 2 579.5 
0 0 1 

0.998453 0.0455282 0.0319038 
-0.000640371 0.583254 -0.81229 
-0.0555901 0.811013 0.582381 

994.252

D:\tmp\cks-hall-scaled\148A8717.JPG
1160 1736

2 0 867.5 
0 2 579.5 
0 0 1 

0.998403 0.0476497 0.030338 
-0.00319304 0.583817 -0.811879 
-0.0563977 0.810486 0.583037 

994.246

D:\tmp\cks-hall-scaled\148A8707.JPG
1160 1736

2 0 867.5 
0 2 579.5 
0 0 1 

0.995394 -0.0272429 0.0919161 
-0.00371234 0.947102 0.320913 
-0.0957965 -0.319776 0.942638 

973.38

