D:\tmp\vfx-project2\148A8736.JPG
3472 2320

4 0 1159.5 
0 4 1735.5 
0 0 1 

-0.00256123 0.999997 -0.000263914 
-0.994732 -0.00257478 -0.102476 
-0.102476 1.1722e-007 0.994736 

1400.35

D:\tmp\vfx-project2\148A8737.JPG
3472 2320

4 0 1159.5 
0 4 1735.5 
0 0 1 

0.00414439 0.98335 -0.181677 
-0.99472 -0.0145765 -0.101588 
-0.102545 0.181139 0.978097 

1401.98

D:\tmp\vfx-project2\148A8738.JPG
3472 2320

4 0 1159.5 
0 4 1735.5 
0 0 1 

0.00270341 0.983516 -0.180803 
-0.994739 -0.0158697 -0.1012 
-0.102401 0.180125 0.978299 

1402.05

D:\tmp\vfx-project2\148A8739.JPG
3472 2320

4 0 1159.5 
0 4 1735.5 
0 0 1 

0.0040356 0.919499 -0.393072 
-0.994936 -0.0357829 -0.0939204 
-0.100425 0.39146 0.914699 

1402.75

D:\tmp\vfx-project2\148A8740.JPG
3472 2320

4 0 1159.5 
0 4 1735.5 
0 0 1 

0.00273634 0.919186 -0.393814 
-0.994959 -0.0369749 -0.093215 
-0.100243 0.392084 0.914451 

1403.15

D:\tmp\vfx-project2\148A8741.JPG
3472 2320

4 0 1159.5 
0 4 1735.5 
0 0 1 

-0.00179408 0.781782 -0.62355 
-0.994901 -0.0642729 -0.0777202 
-0.100838 0.620231 0.777911 

1406.53

D:\tmp\vfx-project2\148A8742.JPG
3472 2320

4 0 1159.5 
0 4 1735.5 
0 0 1 

-0.00276172 0.781927 -0.623364 
-0.994962 -0.0646156 -0.0766437 
-0.100209 0.620012 0.778167 

1406.78

D:\tmp\vfx-project2\148A8744.JPG
3472 2320

4 0 1159.5 
0 4 1735.5 
0 0 1 

-0.00375431 0.643424 -0.765501 
-0.994794 -0.0803564 -0.0626628 
-0.101832 0.761281 0.640376 

1407.72

D:\tmp\vfx-project2\148A8745.JPG
3472 2320

4 0 1159.5 
0 4 1735.5 
0 0 1 

-0.00457702 0.644861 -0.764287 
-0.994859 -0.0802562 -0.0617577 
-0.101164 0.760075 0.641913 

1407.34

D:\tmp\vfx-project2\148A8746.JPG
3472 2320

4 0 1159.5 
0 4 1735.5 
0 0 1 

-0.000131611 0.498828 -0.866701 
-0.994668 -0.0894498 -0.0513315 
-0.103132 0.862073 0.496179 

1410.27

D:\tmp\vfx-project2\148A8747.JPG
3472 2320

4 0 1159.5 
0 4 1735.5 
0 0 1 

-0.000862829 0.49795 -0.867205 
-0.994698 -0.0896085 -0.0504636 
-0.102837 0.862564 0.495387 

1410.3

D:\tmp\vfx-project2\148A8748.JPG
3472 2320

4 0 1159.5 
0 4 1735.5 
0 0 1 

0.00180912 0.323456 -0.946241 
-0.994717 -0.0965425 -0.0349032 
-0.102642 0.941305 0.321573 

1411.52

D:\tmp\vfx-project2\148A8749.JPG
3472 2320

4 0 1159.5 
0 4 1735.5 
0 0 1 

0.00471216 0.324252 -0.945959 
-0.994726 -0.0954007 -0.0376562 
-0.102455 0.941148 0.322093 

1411.71

D:\tmp\vfx-project2\148A8735.JPG
3472 2320

4 0 1159.5 
0 4 1735.5 
0 0 1 

-0.00308809 0.999995 3.57823e-005 
-0.994669 -0.00306794 -0.10307 
-0.103069 -0.000353787 0.994674 

1400.12

